   71  114
   99  111  126
   10   46   56  102
   42   72  100  108
   72   72  107  110
   66   88  132
   55   63   95  124
   61   69   79  140
   71   85   94  108  113
  124  126  138  140  148
   38   92  109  113  114  133
   77   87   92  107  112  114  141
   72  101  120  124  138
   55   81   89  105  106  107
   63   69   86  132  134
   54   62  109  114  121  131
   71   72   91   91  115  168
   51   69   72   87   88  100  103
   40   74   98  114  125
   52   93  103  109  112  118  121  127  135
   42  101  107  109  123  123  130  131  148
   57   63   78   90  113  121  121  131  137
   64   66   75   81   96  102  103  105  106  117  121
   25   36   38   75   88   90   97  110  122  122
   40   58   82   86  117  122  132  143
   58   73   80   87   87   96   99  106  111  135
   65   68   84   86   90   91   94   99  101  107  109  114  137  138
   78   79   80   82   84   85   93  100  101  104  109  111  118  122  126
   55   69   70   75   78   80  101  102  103  105  113  121  130  130  133
   53   53   60   65   66   68   71   76   77   80   83   92   93   96  100  101  105  111  111
   62   65   68   72   73   74   78   82   88   97   98  101  102  112  113  124
   32   51   73   86   89   94   95  104  107  110  111  112  117  118  120  144
   59   69   72   75   78   82   92  102  110  115  126  130  131  137  146
   54   62   68   81   91   92   98  103  110  115  122  122  124  125  128  131  137  140
   40   43   64   70   78   78   79   79   85   89   96  101  101  104  116  119  133
   21   51   54   57   58   59   76   81   86   87   90   92   94   94  100  108  117  119
   45   47   53   84   94   97   99  100  106  107  113  123  130  132  132
   23   61   86   88   93   93   97   97  102  104  111  114  118  118  119  119  119  120  120  123
   37   42   45   57   71   85   98  103  104  114  117  119  121  129  135  139
   28   34   42   92   93   94   96  100  103  114  116  122  127  142  144
   42   65   73   79   81   83   86   87   87   96  104  111  111  113  117  120  120  120  138  139  140
   53   56   63   73   80   82   86   92  103  107  109  111  112  113  132  135  138  143
   41   66   71   91   92   93   93   94   97   99  100  113  117  126  127  138  139  143  148
   58   71   80   86   96   99  100  102  102  104  107  108  109  109  116  118  121  130  153
   35   39   68   68   79   85   89   93   98  100  102  104  106  106  108  112  113  120  130  135
   33   38   39   55   71   77   89   94   95   99  101  106  106  113  118  119  120  121  127  132  138
   74   76   77   83   86   91   93   97   98   99  101  103  107  109  115  118  126  129  132  149
   41   47   51   51   57   62   66   70   75   89   91   98   99  110  120  129  131
   51   64   74   77   81   96   98  105  111  125  127  128  132  138  146
   24   38   91   94   96   99  115  129